#TABLE

9

"mage"
"Mag"
5
8
8
13
1
2
1
5
1
3
1
1
1
1
1
1
511
1

"cleric"
"Cle"
6
9
7
12
1
2
1
7
1
1
1
1
1
3
1
1
255
1

"thief"
"Thi"
8
12
0
0
1
3
2
0
3
1
1
1
1
1
1
1
504
1

"warrior"
"War"
12
16
0
0
1
4
5
0
4
0
2
2
2
1
1
1
511
1

"paladin"
"Pal"
10
14
4
8
1
4
2
1
2
1
1
1
1
1
1
1
5
1

"ranger"
"Ran"
10
14
4
8
2
5
2
1
5
1
1
2
2
1
1
1
511
1

"druid"
"Dru"
6
9
7
12
2
3
1
5
3
1
2
2
2
0
1
1
146
0

"monk"
"Mon"
8
11
5
9
1
3
2
2
2
2
1
1
1
2
1
1
511
1

"bard"
"Brd"
8
11
6
10
2
4
2
3
3
1
2
2
2
3
0
0
511
1


