#TABLE

13

"None"
"Non"
0
0
0
0
0
0
0
0
0
0
0
0
0
0
0
0
0
0
0
0
0
0
0
0
0

"Secomber"
"Sec"
0
0
0
100
50
70
50
80
50
0
70
40
30
50
30
50
50
70
50
50
70
50
30
70
30

"Eleint"
"Ele"
0
0
0
50
100
60
70
80
90
0
50
10
10
10
10
5
100
65
30
90
50
15
80
35
1

"Thorstag"
"Tho"
0
0
0
70
60
100
80
70
70
0
50
10
10
20
10
10
100
65
30
90
50
15
80
35
1

"Khedrun"
"Khe"
0
0
0
50
70
70
100
80
70
0
50
10
10
5
5
10
100
65
30
90
50
15
80
35
1

"Stahl"
"Sta"
0
0
0
70
50
70
50
50
50
0
100
30
40
30
40
40
20
80
20
40
100
40
20
80
20

"Karse"
"Kar"
0
0
0
40
10
10
10
10
10
0
30
100
80
80
40
70
1
45
75
20
55
100
1
45
75

"Nethril"
"Net"
0
0
0
30
10
10
10
10
5
0
40
80
100
80
70
70
1
35
80
15
50
90
30
65
100

"Azak"
"Aza"
0
0
0
50
10
10
5
10
10
0
30
80
80
100
70
70
1
45
75
20
55
100
1
45
75

"Jezvik"
"Jvk"
0
0
0
30
10
10
5
10
10
0
40
40
70
70
100
80
1
35
80
15
50
90
30
65
100

"Dvyie"
"Dvy"
0
0
0
30
5
10
10
10
10
0
40
80
70
70
70
100
30
65
100
15
50
90
1
35
80

"Byzantil"
"Byz"
0
0
0
80
80
70
80
100
80
0
50
10
10
10
10
10
75
45
1
100
55
20
75
45
1

"Ueschel"
"Ues"
0
0
0
50
90
70
70
80
100
0
50
10
5
10
10
10
75
45
1
100
55
20
75
45
1


