#TABLE

25

"none"
0
0
511
15
8191

"Kryoth"
2
511
511
15
8191

"Cynnis"
2
219
362
15
127

"Taranth"
2
27
306
15
8191

"Algesa"
2
7
251
15
8191

"Ulthi"
1
448
303
15
8061

"Meriada"
2
186
371
15
8191

"Kerog"
1
511
511
15
8191

"Kantos"
1
255
511
15
8191

"Lonil"
1
73
507
15
255

"Slen"
2
511
511
15
8191

"Anor"
2
63
503
15
4351

"Osse"
1
511
511
15
8191

"Freylia"
2
219
511
15
29

"Tarafas"
2
219
511
15
98

"Morr"
1
511
511
15
8191

"Morkith"
1
420
511
15
8065

"Essyn"
2
511
511
15
8191

"Temohpab"
1
438
511
15
7937

"Iniara"
2
438
415
15
7937

"Sst'rasa"
2
511
511
15
128

"Xiroce"
1
438
511
15
8077

"Ashallan"
2
504
431
15
8191

"Duroth"
1
219
511
15
29

"Lodar"
1
436
511
15
8191


