24

"Gem - Low Value"
1 97 1509949460 0
1039 16 1509949460 -2
1066 16 1509949460 -2
1293 16 1509949460 -2
983 16 1509949460 -2
-1

"Gem - Medium Value"
0 1 1509949480 0
2 0 1509949460 0
1067 16 1509949460 -2
1068 16 1509949460 -2
-1

"Gem - High Value"
0 1 1509949460 0
1 0 1509949460 0
105 16 1509949460 -2
2155 16 1509949460 -2
633 16 1509949460 -2
-1

"Phial"
686 17 1509949446 -2
869 16 1509949448 -2
876 16 1509949443 -2
877 16 1509949442 -2
878 16 1509949443 -2
893 16 1509949443 -2
901 16 1509949445 -2
902 16 1509949444 -2
909 16 1509949444 -2
910 16 1509949444 -2
911 16 1509949448 -2
929 16 1509949442 -2
938 16 1509949444 -2
939 16 1509949444 -2
940 16 1509949442 -2
941 16 1509949444 -2
951 16 1509949444 -2
953 16 1509949444 -2
954 16 1509949444 -2
956 16 1509949445 -2
967 16 1509949441 -2
1045 16 1509949444 -2
1075 16 1509949444 -2
1106 16 1509949444 -2
3852 16 1509949444 -2
-1

"Phial - Purple Trog Mix"
686 17 1509949470 -2
901 16 1509949455 -2
876 16 1509949460 -2
893 16 1509949455 -2
902 18 1509962260 -2
909 16 1509962240 -2
-1

"Scroll"
1000 17 1509949465 -2
196 16 1509949465 -2
871 16 1509949465 -2
1001 16 1509949465 -2
-1

"Minor Ring"
32 17 1509949457 -2
190 16 1509949462 -2
666 16 1509949450 -2
1027 16 1509949442 -2
1219 16 1509949457 -2
1314 16 1509949450 -2
1569 16 1509949455 -2
986 16 1509949445 -2
-1

"Incense"
416 17 1509949465 -2
1047 16 1509949470 -2
1054 16 1509949465 -2
1065 16 1509949460 -2
-1

"Ingot"
638 17 1509949490 -2
639 16 1509949470 -2
640 16 1509949458 -2
641 16 1509949442 -2
-1

"Cleric body armor"
2003 17 1509949465 -2
606 16 1509949470 -2
2005 16 1509949460 -2
2006 16 1509949455 -2
423 16 1509949450 -2
-1

"newbie chestwear"
644 17 1509949452 -2
985 16 1509949455 -2
1565 16 1509949450 -2
2000 16 1509949450 -2
2001 16 1509949463 -2
2002 16 1509949460 -2
2003 16 1509949450 -2
-1

"Leather Legwear"
646 17 1509949452 -2
2021 16 1509949470 -2
2022 16 1509949460 -2
1077 16 1509949455 -2
2020 16 1509949450 -2
156 16 1509949453 -2
-1

"Cleric arm armor"
186 17 1509949450 -2
610 16 1509949445 -2
2043 16 1509949445 -2
2044 16 1509949445 -2
2041 16 1509949470 -2
2042 16 1509949460 -2
252 16 1509949465 -2
-1

"Cleric leg armor"
1077 17 1509949450 -2
614 16 1509949450 -2
2023 16 1509949450 -2
2024 16 1509949445 -2
2021 16 1509949460 -2
2022 16 1509949460 -2
156 16 1509949465 -2
-1

"Small Custom Bits - Good"
621 17 1509949465 -2
994 16 1509949465 -2
1 0 1509949490 0
-1

"Small Custom Bits - Evil"
803 17 1509949465 -2
994 16 1509949465 -2
1 0 1509949490 0
-1

"Leather BodyWear"
644 17 1509949452 -2
2003 16 1509949460 -2
985 16 1509949475 -2
155 16 1509949453 -2
2001 16 1509949460 -2
-1

"Leather Armwear"
252 17 1509949463 -2
186 16 1509949457 -2
2041 16 1509949470 -2
2042 16 1509949460 -2
645 16 1509949450 -2
-1

"Shields - Under Level 15"
2060 17 1509949460 -2
2061 16 1509949455 -2
2062 16 1509949455 -2
2063 16 1509949455 -2
2064 16 1509949450 -2
508 16 1509949450 -2
3445 16 1509949445 -2
1051 16 1509949445 -2
2066 16 1509949445 -2
-1

"Rune Stones"
3884 17 1509949446 -2
3885 16 1509949444 -2
3886 16 1509949446 -2
3887 16 1509949444 -2
3888 16 1509949446 -2
3889 16 1509949444 -2
3890 16 1509949446 -2
3891 16 1509949444 -2
3892 16 1509949446 -2
3893 16 1509949444 -2
3894 16 1509949446 -2
3905 16 1509949444 -2
3895 16 1509949442 -2
3896 16 1509949442 -2
3897 16 1509949444 -2
3898 16 1509949443 -2
3899 16 1509949443 -2
3900 16 1509949441 -2
3901 16 1509949443 -2
3902 16 1509949442 -2
3903 16 1509949441 -2
3904 16 1509949442 -2
-1

"CG Reagents 1"
4384 17 1509949451 -2
4403 16 1509949451 -2
4405 16 1509949451 -2
4322 16 1509949451 -2
4429 16 1509949451 -2
4430 16 1509949451 -2
4389 16 1509949451 -2
4395 16 1509949451 -2
4447 16 1509949452 -2
-1

"CG Reagents 2"
4404 17 11 -2
4406 16 1509949451 -2
4407 16 11 -2
4431 16 1509949451 -2
4432 16 1509949451 -2
4433 16 1509949451 -2
4448 16 1509949451 -2
4449 16 1509949451 -2
4450 16 1509949452 -2
-1

"CG Reagents 3"
4408 17 11 -2
4409 16 11 -2
4410 16 1509949451 -2
4434 16 1509949451 -2
4435 16 1509949451 -2
4436 16 1509949451 -2
4451 16 1509949451 -2
4452 16 1509949451 -2
4453 16 1509949452 -2
-1

"CG Reagents 4"
4411 17 33 -2
4437 16 1509949473 -2
4454 16 1509949474 -2
-1

